First matrix:
  9  8 74 68 84 48 71  5 38 90
 58 34 21 28 56 87 29 26 77 47
 87 45 52 32 96 69 80 87 39 75
 53 97 83 10 85 20 30 66 34 26
 32 15 88 46  8 44 71 94 78 28
 47 72 81 51 45 17 67  1  4 80
 52 56  9 76 52 68 55 43 42 76
 62 66 98 56 55 46 65 18 81 25
 64 99 71 50 75 26 82 39 33 21
 15 61 14 20 18  9 88 46 49 37

Second matrix:
 83 12 25 69 44 74 84 51 70 78
 73 66 55 68 63 27 47  9  6 46
 79 73 44 13 25 20 33 72  7 60
  0 93 26 18 35 48 25 42 90 32
 98 24 89 41  9 11 33  5 23 50
 41 85 62 72 18 73 12 98 88 48
 61 11 48 63  8 39 48 61 42 24
 25 76 25 55 93  7 44 36 52 79
 99 32 97 69 83 76 39 38 48 30
 13 14 31 89  8 51 59 87 71 89

Result matrix:
 26765 22095 26150 25631 11657 20336 19042 27624 24928 25439
 28663 21233 26318 28404 17686 23503 19067 24478 25478 24463
 38742 28745 32715 38410 23757 26840 29549 33191 32965 37750
 34371 24565 26571 26617 21401 16618 22249 20117 17658 28374
 28058 26821 24325 26213 23035 20824 20477 27502 24744 26412
 26211 20558 21193 24851 12726 18230 21105 24145 20148 25463
 26575 25354 25741 31401 18926 24238 22383 27031 30017 28209
 37741 27717 30897 29514 21736 25073 23857 27813 25104 28139
 36081 26361 28519 29375 20911 21002 24587 23777 22631 28312
 20787 14835 18300 21859 15222 14217 16133 16239 15587 17297
